* LIGAND DATABASE FILE (OPLS2005)
*
8CD      46    48    84     132       0
    1     0 M   CA   _C7_     6   19.549858   14.856831  -80.830705
    2     1 M   CA   _C6_     6    1.419158  112.187363  -50.032875
    3     1 M   CA   _C8_     6    1.421234   91.700965   72.171762
    4     1 M   CA   _C16     6    1.410005   67.086989 -162.887523
    5     2 M   CA   _C10     6    1.418194  117.186019  104.592095
    6     2 M   CA   _C5_     6    1.416808  119.438872  -76.046870
    7     6 M   CA   _C4_     6    1.402685  121.339927   -0.582909
    8     7 M   CA   _C17     6    1.412930  119.412454    1.606017
    9     3 M   CA   _C9_     6    1.395330  119.000855 -117.061508
   10     9 M   NB   _N1_     6    1.354677  123.296742    0.759727
   11     9 M   HA   _H11     6    1.083425  120.211364 -179.896187
   12     3 M   HA   _H10     6    1.080429  120.560594   62.764958
   13     4 M   HA   _H19     6    1.080924  116.821682  -76.044758
   14     6 M   HA   _H9_     6    1.078057  117.410438  179.668607
   15     8 S    C   _C18     6    1.523008  121.169124 -179.730196
   16    15 S    N   _N3_     6    1.327255  117.527140 -166.860222
   17    15 S    O   _O4_     6    1.227163  123.501674   17.077090
   18    16 S    H   _H21     6    1.008363  119.234931 -167.362178
   19    16 S    H   _H20     6    1.008090  120.911910   21.235565
   20     7 S   OS   _O1_     6    1.384738  122.103995  179.859233
   21    20 S   CT   _C2_     6    1.426816  122.870330    6.729611
   22    21 S   CT   _C3_     6    1.532248  104.881428  151.316560
   23    21 S   CT   _C1_     6    1.537221  109.975636  -88.204625
   24    21 S   HC   _H5_     6    1.089592  112.727029   35.326168
   25    22 S   HC   _H6_     6    1.090584  110.400886  -64.180424
   26    22 S   HC   _H7_     6    1.090340  111.901325  175.592941
   27    22 S   HC   _H8_     6    1.089371  110.954887   54.227752
   28    23 S   HC   _H4_     6    1.088524  111.463518   62.627878
   29    23 S   HC   _H2_     6    1.090542  111.107694  -57.448393
   30    23 S   HC   _H3_     6    1.090740  111.120602 -177.448434
   31     5 S   OS   _O2_     6    1.376431  117.494060 -177.992507
   32    31 S   CT   _C11     6    1.426993  120.753173 -156.688151
   33    32 S   CT   _C12     6    1.545324  107.449243  169.115792
   34    32 S   HC   _H12     6    1.090461  110.104691   49.857410
   35    32 S   HC   _H13     6    1.091308  111.434783  -68.933442
   36    33 S    N   _N2_     6    1.463715  111.511737  -49.627653
   37    33 S   CT   _C13     6    1.529369  113.262648   65.957142
   38    33 S   HC   _H1_     6    1.091880  110.293156 -170.320391
   39    36 S    C   _C15     6    1.340798  116.852523  128.113376
   40    36 S    H   _H18     6    1.009660  120.525246  -51.981825
   41    37 S   CT   _C14     6    1.516487  105.908326 -131.498356
   42    37 S   HC   _H14     6    1.088487  111.760663  107.564601
   43    37 S   HC   _H15     6    1.091585  111.482363  -11.985123
   44    39 S    O   _O3_     6    1.227212  127.933792 -179.522105
   45    41 S   HC   _H16     6    1.086932  111.598303  132.897219
   46    41 S   HC   _H17     6    1.088805  111.514812 -105.588908
NBON
     1   3.5500   0.0700   0.648600   2.5000   1.7750   0.001000000  -0.843144165
     2   3.5500   0.0700  -0.250500   2.5000   1.7750   0.001000000  -0.843144165
     3   3.5500   0.0700  -0.753100   2.5000   1.7750   0.001000000  -0.843144165
     4   3.5500   0.0700  -0.444500   2.5000   1.7750   0.001000000  -0.843144165
     5   3.5500   0.0700   0.553300   2.5000   1.7750   0.001000000  -0.843144165
     6   3.5500   0.0700  -0.181800   2.5000   1.7750   0.001000000  -0.843144165
     7   3.5500   0.0700   0.088100   2.5000   1.7750   0.001000000  -0.843144165
     8   3.5500   0.0700  -0.022800   2.5000   1.7750   0.001000000  -0.843144165
     9   3.5500   0.0700   0.484500   2.5000   1.7750   0.001000000  -0.843144165
    10   3.2800   0.1700  -0.684100   1.8100   1.6000   0.054801302  -1.445846770
    11   2.4200   0.0300   0.045600   1.3810   1.2100   0.030040813   0.268726247
    12   2.4200   0.0300   0.241000   1.3810   1.2100   0.030040813   0.268726247
    13   2.4200   0.0300   0.200900   1.3810   1.2100   0.030040813   0.268726247
    14   2.4200   0.0300   0.159800   1.3810   1.2100   0.030040813   0.268726247
    15   3.7500   0.1050   0.615000   2.1120   1.8750   0.001000000  -0.126889456
    16   3.2500   0.1700  -0.760000   1.8100   1.6000   0.054801302  -1.445846770
    17   2.9600   0.2100  -0.500000   1.8100   1.6000   0.001000000  -1.480495490
    18   0.5000   0.0300   0.380000   1.5900   1.4000   0.030040813  -0.651083722
    19   0.5000   0.0300   0.380000   1.5900   1.4000   0.030040813  -0.651083722
    20   2.9000   0.1400  -0.300000   1.5900   1.4000   0.020110767  -0.896042159
    21   3.5000   0.0660   0.170000   1.9750   1.7500   0.005000000  -0.741685710
    22   3.5000   0.0660  -0.180000   1.9750   1.7500   0.005000000  -0.741685710
    23   3.5000   0.0660  -0.180000   1.9750   1.7500   0.005000000  -0.741685710
    24   2.5000   0.0300   0.030000   1.4250   1.2500   0.008598240   0.268726247
    25   2.5000   0.0300   0.060000   1.4250   1.2500   0.008598240   0.268726247
    26   2.5000   0.0300   0.060000   1.4250   1.2500   0.008598240   0.268726247
    27   2.5000   0.0300   0.060000   1.4250   1.2500   0.008598240   0.268726247
    28   2.5000   0.0300   0.060000   1.4250   1.2500   0.008598240   0.268726247
    29   2.5000   0.0300   0.060000   1.4250   1.2500   0.008598240   0.268726247
    30   2.5000   0.0300   0.060000   1.4250   1.2500   0.008598240   0.268726247
    31   2.9000   0.1400  -0.300000   1.5900   1.4000   0.020110767  -0.896042159
    32   3.5000   0.0660   0.140000   1.9750   1.7500   0.005000000  -0.741685710
    33   3.5000   0.0660   0.140000   1.9750   1.7500   0.005000000  -0.741685710
    34   2.5000   0.0300   0.030000   1.4250   1.2500   0.008598240   0.268726247
    35   2.5000   0.0300   0.030000   1.4250   1.2500   0.008598240   0.268726247
    36   3.2500   0.1700  -0.500000   1.8100   1.6000   0.054801302  -1.445846770
    37   3.5000   0.0660  -0.120000   1.9750   1.7500   0.005000000  -0.741685710
    38   2.5000   0.0300   0.060000   1.4250   1.2500   0.008598240   0.268726247
    39   3.7500   0.1050   0.500000   2.1120   1.8750   0.001000000  -0.126889456
    40   0.5000   0.0300   0.300000   1.5900   1.4000   0.030040813  -0.651083722
    41   3.5000   0.0660  -0.120000   1.9750   1.7500   0.005000000  -0.741685710
    42   2.5000   0.0300   0.060000   1.4250   1.2500   0.008598240   0.268726247
    43   2.5000   0.0300   0.060000   1.4250   1.2500   0.008598240   0.268726247
    44   2.9600   0.2100  -0.500000   1.8100   1.6000   0.001000000  -1.480495490
    45   2.5000   0.0300   0.060000   1.4250   1.2500   0.008598240   0.268726247
    46   2.5000   0.0300   0.060000   1.4250   1.2500   0.008598240   0.268726247
BOND
    16    15   490.000  1.335
    16    18   434.000  1.010
    16    19   434.000  1.010
     7     8   469.000  1.400
     7    20   450.000  1.364
     7     6   469.000  1.400
    36    33   337.000  1.449
    36    39   490.000  1.335
    36    40   434.000  1.010
     1     2   469.000  1.400
     1     3   469.000  1.400
     1     4   469.000  1.400
     2     5   469.000  1.400
     2     6   469.000  1.400
     9     3   469.000  1.400
     9    10   483.000  1.339
     9    11   367.000  1.080
    37    33   268.000  1.529
    37    41   268.000  1.529
    37    42   340.000  1.090
    37    43   340.000  1.090
     3    12   367.000  1.080
    15    17   570.000  1.229
    15     8   400.000  1.490
     4     8   469.000  1.400
     4    13   367.000  1.080
    20    21   320.000  1.410
    21    22   268.000  1.529
    21    23   268.000  1.529
    21    24   340.000  1.090
    22    25   340.000  1.090
    22    26   340.000  1.090
    22    27   340.000  1.090
    23    28   340.000  1.090
    23    29   340.000  1.090
    23    30   340.000  1.090
    10     5   483.000  1.339
     5    31   450.000  1.364
     6    14   367.000  1.080
    31    32   320.000  1.410
    32    33   268.000  1.529
    32    34   340.000  1.090
    32    35   340.000  1.090
    33    38   340.000  1.090
    39    44   570.000  1.229
    39    41   317.000  1.522
    41    45   340.000  1.090
    41    46   340.000  1.090
THET
    15    16    18    35.00000  119.80000
    15    16    19    35.00000  119.80000
    18    16    19    35.00000  120.00000
     8     7    20    70.00000  120.00000
     8     7     6    63.00000  120.00000
    20     7     6    70.00000  120.00000
    33    36    39    50.00000  121.90000
    33    36    40    38.00000  118.40000
    39    36    40    35.00000  119.80000
     2     1     3    63.00000  120.00000
     2     1     4    63.00000  120.00000
     3     1     4    63.00000  120.00000
     1     2     5    63.00000  120.00000
     1     2     6    63.00000  120.00000
     5     2     6    63.00000  120.00000
     3     9    10    70.00000  124.00000
     3     9    11    35.00000  120.00000
    10     9    11    35.00000  116.00000
    33    37    41    58.35000  112.70000
    33    37    42    37.50000  110.70000
    33    37    43    37.50000  110.70000
    41    37    42    37.50000  110.70000
    41    37    43    37.50000  110.70000
    42    37    43    33.00000  107.80000
     1     3     9    63.00000  120.00000
     1     3    12    35.00000  120.00000
     9     3    12    35.00000  120.00000
    16    15    17    80.00000  122.90000
    16    15     8    75.00000  113.92100
    17    15     8    80.00000  120.40000
     1     4     8    63.00000  120.00000
     1     4    13    35.00000  120.00000
     8     4    13    35.00000  120.00000
     7     8    15    85.00000  120.00000
     7     8     4    63.00000  120.00000
    15     8     4    85.00000  120.00000
     7    20    21    75.00000  111.00000
    20    21    22    50.00000  109.50000
    20    21    23    50.00000  109.50000
    20    21    24    35.00000  109.50000
    22    21    23    58.35000  112.70000
    22    21    24    37.50000  110.70000
    23    21    24    37.50000  110.70000
    21    22    25    37.50000  110.70000
    21    22    26    37.50000  110.70000
    21    22    27    37.50000  110.70000
    25    22    26    33.00000  107.80000
    25    22    27    33.00000  107.80000
    26    22    27    33.00000  107.80000
    21    23    28    37.50000  110.70000
    21    23    29    37.50000  110.70000
    21    23    30    37.50000  110.70000
    28    23    29    33.00000  107.80000
    28    23    30    33.00000  107.80000
    29    23    30    33.00000  107.80000
     9    10     5    70.00000  117.00000
     2     5    10    70.00000  124.00000
     2     5    31    70.00000  120.00000
    10     5    31    95.00000  115.10700
     7     6     2    63.00000  120.00000
     7     6    14    35.00000  120.00000
     2     6    14    35.00000  120.00000
     5    31    32    75.00000  111.00000
    31    32    33    50.00000  109.50000
    31    32    34    35.00000  109.50000
    31    32    35    35.00000  109.50000
    33    32    34    37.50000  110.70000
    33    32    35    37.50000  110.70000
    34    32    35    33.00000  107.80000
    36    33    37    70.00000  110.72300
    36    33    32    70.00000  110.72300
    36    33    38    35.00000  109.50000
    37    33    32    58.35000  112.70000
    37    33    38    37.50000  110.70000
    32    33    38    37.50000  110.70000
    36    39    44    80.00000  122.90000
    36    39    41    70.00000  116.60000
    44    39    41    80.00000  120.40000
    37    41    39    63.00000  111.10000
    37    41    45    37.50000  110.70000
    37    41    46    37.50000  110.70000
    39    41    45    35.00000  109.50000
    39    41    46    35.00000  109.50000
    45    41    46    33.00000  107.80000
PHI
   18    16    15    17   0.00000  1.0 1.0
   18    16    15    17   2.45000 -1.0 2.0
   18    16    15    17   0.00000  1.0 3.0
   18    16    15    17   0.00000 -1.0 4.0
   18    16    15     8   0.00000  1.0 1.0
   18    16    15     8   2.56700 -1.0 2.0
   18    16    15     8   0.00000  1.0 3.0
   18    16    15     8   0.00000 -1.0 4.0
   19    16    15    17   0.00000  1.0 1.0
   19    16    15    17   2.45000 -1.0 2.0
   19    16    15    17   0.00000  1.0 3.0
   19    16    15    17   0.00000 -1.0 4.0
   19    16    15     8   0.00000  1.0 1.0
   19    16    15     8   2.56700 -1.0 2.0
   19    16    15     8   0.00000  1.0 3.0
   19    16    15     8   0.00000 -1.0 4.0
   20     7     8    15   0.00000  1.0 1.0
   20     7     8    15   3.62500 -1.0 2.0
   20     7     8    15   0.00000  1.0 3.0
   20     7     8    15   0.00000 -1.0 4.0
   20     7     8     4   0.00000  1.0 1.0
   20     7     8     4   3.62500 -1.0 2.0
   20     7     8     4   0.00000  1.0 3.0
   20     7     8     4   0.00000 -1.0 4.0
    6     7     8    15   0.00000  1.0 1.0
    6     7     8    15   3.62500 -1.0 2.0
    6     7     8    15   0.00000  1.0 3.0
    6     7     8    15   0.00000 -1.0 4.0
    6     7     8     4   0.00000  1.0 1.0
    6     7     8     4   3.62500 -1.0 2.0
    6     7     8     4   0.00000  1.0 3.0
    6     7     8     4   0.00000 -1.0 4.0
    8     7    20    21   0.00000  1.0 1.0
    8     7    20    21   1.95800 -1.0 2.0
    8     7    20    21   0.00000  1.0 3.0
    8     7    20    21   0.00000 -1.0 4.0
    6     7    20    21   0.00000  1.0 1.0
    6     7    20    21   1.95800 -1.0 2.0
    6     7    20    21   0.00000  1.0 3.0
    6     7    20    21   0.00000 -1.0 4.0
    8     7     6     2   0.00000  1.0 1.0
    8     7     6     2   3.62500 -1.0 2.0
    8     7     6     2   0.00000  1.0 3.0
    8     7     6     2   0.00000 -1.0 4.0
    8     7     6    14   0.00000  1.0 1.0
    8     7     6    14   3.62500 -1.0 2.0
    8     7     6    14   0.00000  1.0 3.0
    8     7     6    14   0.00000 -1.0 4.0
   20     7     6     2   0.00000  1.0 1.0
   20     7     6     2   3.62500 -1.0 2.0
   20     7     6     2   0.00000  1.0 3.0
   20     7     6     2   0.00000 -1.0 4.0
   20     7     6    14   0.00000  1.0 1.0
   20     7     6    14   3.62500 -1.0 2.0
   20     7     6    14   0.00000  1.0 3.0
   20     7     6    14   0.00000 -1.0 4.0
   39    36   -33    37  -0.43950  1.0 1.0
   39    36   -33    37  -0.08100 -1.0 2.0
   39    36   -33    37   0.03350  1.0 3.0
   39    36   -33    37   0.00000 -1.0 4.0
   39    36    33    32  -0.43950  1.0 1.0
   39    36    33    32  -0.08100 -1.0 2.0
   39    36    33    32   0.03350  1.0 3.0
   39    36    33    32   0.00000 -1.0 4.0
   39    36    33    38   0.00000  1.0 1.0
   40    36    33    37   0.00000  1.0 1.0
   40    36    33    32   0.00000  1.0 1.0
   40    36    33    38   0.00000  1.0 1.0
   33    36    39    44   0.00000  1.0 1.0
   33    36    39    44   3.04450 -1.0 2.0
   33    36    39    44   0.00000  1.0 3.0
   33    36    39    44   0.00000 -1.0 4.0
   33    36   -39    41   1.49850  1.0 1.0
   33    36   -39    41   1.53950 -1.0 2.0
   33    36   -39    41   0.00000  1.0 3.0
   33    36   -39    41   0.00000 -1.0 4.0
   40    36    39    44   0.00000  1.0 1.0
   40    36    39    44   2.45000 -1.0 2.0
   40    36    39    44   0.00000  1.0 3.0
   40    36    39    44   0.00000 -1.0 4.0
   40    36    39    41   0.00000  1.0 1.0
   40    36    39    41   2.45000 -1.0 2.0
   40    36    39    41   0.00000  1.0 3.0
   40    36    39    41   0.00000 -1.0 4.0
    3     1     2     5   0.00000  1.0 1.0
    3     1     2     5   3.62500 -1.0 2.0
    3     1     2     5   0.00000  1.0 3.0
    3     1     2     5   0.00000 -1.0 4.0
    3     1     2     6   0.00000  1.0 1.0
    3     1     2     6   3.62500 -1.0 2.0
    3     1     2     6   0.00000  1.0 3.0
    3     1     2     6   0.00000 -1.0 4.0
    4     1     2     5   0.00000  1.0 1.0
    4     1     2     5   3.62500 -1.0 2.0
    4     1     2     5   0.00000  1.0 3.0
    4     1     2     5   0.00000 -1.0 4.0
    4     1    -2     6   0.00000  1.0 1.0
    4     1    -2     6   3.62500 -1.0 2.0
    4     1    -2     6   0.00000  1.0 3.0
    4     1    -2     6   0.00000 -1.0 4.0
    2     1     3     9   0.00000  1.0 1.0
    2     1     3     9   3.62500 -1.0 2.0
    2     1     3     9   0.00000  1.0 3.0
    2     1     3     9   0.00000 -1.0 4.0
    2     1     3    12   0.00000  1.0 1.0
    2     1     3    12   3.62500 -1.0 2.0
    2     1     3    12   0.00000  1.0 3.0
    2     1     3    12   0.00000 -1.0 4.0
    4     1     3     9   0.00000  1.0 1.0
    4     1     3     9   3.62500 -1.0 2.0
    4     1     3     9   0.00000  1.0 3.0
    4     1     3     9   0.00000 -1.0 4.0
    4     1     3    12   0.00000  1.0 1.0
    4     1     3    12   3.62500 -1.0 2.0
    4     1     3    12   0.00000  1.0 3.0
    4     1     3    12   0.00000 -1.0 4.0
    2     1    -4     8   0.00000  1.0 1.0
    2     1    -4     8   3.62500 -1.0 2.0
    2     1    -4     8   0.00000  1.0 3.0
    2     1    -4     8   0.00000 -1.0 4.0
    2     1     4    13   0.00000  1.0 1.0
    2     1     4    13   3.62500 -1.0 2.0
    2     1     4    13   0.00000  1.0 3.0
    2     1     4    13   0.00000 -1.0 4.0
    3     1     4     8   0.00000  1.0 1.0
    3     1     4     8   3.62500 -1.0 2.0
    3     1     4     8   0.00000  1.0 3.0
    3     1     4     8   0.00000 -1.0 4.0
    3     1     4    13   0.00000  1.0 1.0
    3     1     4    13   3.62500 -1.0 2.0
    3     1     4    13   0.00000  1.0 3.0
    3     1     4    13   0.00000 -1.0 4.0
    1     2     5    10   0.00000  1.0 1.0
    1     2     5    10   3.62500 -1.0 2.0
    1     2     5    10   0.00000  1.0 3.0
    1     2     5    10   0.00000 -1.0 4.0
    1     2     5    31   0.00000  1.0 1.0
    1     2     5    31   3.62500 -1.0 2.0
    1     2     5    31   0.00000  1.0 3.0
    1     2     5    31   0.00000 -1.0 4.0
    6     2     5    10   0.00000  1.0 1.0
    6     2     5    10   3.62500 -1.0 2.0
    6     2     5    10   0.00000  1.0 3.0
    6     2     5    10   0.00000 -1.0 4.0
    6     2     5    31   0.00000  1.0 1.0
    6     2     5    31   3.62500 -1.0 2.0
    6     2     5    31   0.00000  1.0 3.0
    6     2     5    31   0.00000 -1.0 4.0
    1     2     6     7   0.00000  1.0 1.0
    1     2     6     7   3.62500 -1.0 2.0
    1     2     6     7   0.00000  1.0 3.0
    1     2     6     7   0.00000 -1.0 4.0
    1     2     6    14   0.00000  1.0 1.0
    1     2     6    14   3.62500 -1.0 2.0
    1     2     6    14   0.00000  1.0 3.0
    1     2     6    14   0.00000 -1.0 4.0
    5     2     6     7   0.00000  1.0 1.0
    5     2     6     7   3.62500 -1.0 2.0
    5     2     6     7   0.00000  1.0 3.0
    5     2     6     7   0.00000 -1.0 4.0
    5     2     6    14   0.00000  1.0 1.0
    5     2     6    14   3.62500 -1.0 2.0
    5     2     6    14   0.00000  1.0 3.0
    5     2     6    14   0.00000 -1.0 4.0
   10     9    -3     1   0.00000  1.0 1.0
   10     9    -3     1   3.62500 -1.0 2.0
   10     9    -3     1   0.00000  1.0 3.0
   10     9    -3     1   0.00000 -1.0 4.0
   10     9     3    12   0.00000  1.0 1.0
   10     9     3    12   3.62500 -1.0 2.0
   10     9     3    12   0.00000  1.0 3.0
   10     9     3    12   0.00000 -1.0 4.0
   11     9     3     1   0.00000  1.0 1.0
   11     9     3     1   3.62500 -1.0 2.0
   11     9     3     1   0.00000  1.0 3.0
   11     9     3     1   0.00000 -1.0 4.0
   11     9     3    12   0.00000  1.0 1.0
   11     9     3    12   3.62500 -1.0 2.0
   11     9     3    12   0.00000  1.0 3.0
   11     9     3    12   0.00000 -1.0 4.0
    3     9   -10     5   0.00000  1.0 1.0
    3     9   -10     5   3.62500 -1.0 2.0
    3     9   -10     5   0.00000  1.0 3.0
    3     9   -10     5   0.00000 -1.0 4.0
   11     9    10     5   0.00000  1.0 1.0
   11     9    10     5   3.62500 -1.0 2.0
   11     9    10     5   0.00000  1.0 3.0
   11     9    10     5   0.00000 -1.0 4.0
   41    37   -33    36   0.43900  1.0 1.0
   41    37   -33    36   0.49100 -1.0 2.0
   41    37   -33    36   0.28400  1.0 3.0
   41    37   -33    36   0.00000 -1.0 4.0
   41    37    33    32   0.56750  1.0 1.0
   41    37    33    32  -0.07550 -1.0 2.0
   41    37    33    32   0.20000  1.0 3.0
   41    37    33    32   0.00000 -1.0 4.0
   41    37    33    38   0.00000  1.0 1.0
   41    37    33    38   0.00000 -1.0 2.0
   41    37    33    38   0.15000  1.0 3.0
   41    37    33    38   0.00000 -1.0 4.0
   42    37    33    36   0.00000  1.0 1.0
   42    37    33    36   0.00000 -1.0 2.0
   42    37    33    36   0.15000  1.0 3.0
   42    37    33    36   0.00000 -1.0 4.0
   42    37    33    32   0.00000  1.0 1.0
   42    37    33    32   0.00000 -1.0 2.0
   42    37    33    32   0.15000  1.0 3.0
   42    37    33    32   0.00000 -1.0 4.0
   42    37    33    38   0.00000  1.0 1.0
   42    37    33    38   0.00000 -1.0 2.0
   42    37    33    38   0.15000  1.0 3.0
   42    37    33    38   0.00000 -1.0 4.0
   43    37    33    36   0.00000  1.0 1.0
   43    37    33    36   0.00000 -1.0 2.0
   43    37    33    36   0.15000  1.0 3.0
   43    37    33    36   0.00000 -1.0 4.0
   43    37    33    32   0.00000  1.0 1.0
   43    37    33    32   0.00000 -1.0 2.0
   43    37    33    32   0.15000  1.0 3.0
   43    37    33    32   0.00000 -1.0 4.0
   43    37    33    38   0.00000  1.0 1.0
   43    37    33    38   0.00000 -1.0 2.0
   43    37    33    38   0.15000  1.0 3.0
   43    37    33    38   0.00000 -1.0 4.0
   33    37   -41    39  -0.95700  1.0 1.0
   33    37   -41    39  -0.18200 -1.0 2.0
   33    37   -41    39   0.29450  1.0 3.0
   33    37   -41    39   0.00000 -1.0 4.0
   33    37    41    45   0.00000  1.0 1.0
   33    37    41    45   0.00000 -1.0 2.0
   33    37    41    45   0.15000  1.0 3.0
   33    37    41    45   0.00000 -1.0 4.0
   33    37    41    46   0.00000  1.0 1.0
   33    37    41    46   0.00000 -1.0 2.0
   33    37    41    46   0.15000  1.0 3.0
   33    37    41    46   0.00000 -1.0 4.0
   42    37    41    39   0.00000  1.0 1.0
   42    37    41    39   0.00000 -1.0 2.0
   42    37    41    39  -0.11250  1.0 3.0
   42    37    41    39   0.00000 -1.0 4.0
   42    37    41    45   0.00000  1.0 1.0
   42    37    41    45   0.00000 -1.0 2.0
   42    37    41    45   0.15000  1.0 3.0
   42    37    41    45   0.00000 -1.0 4.0
   42    37    41    46   0.00000  1.0 1.0
   42    37    41    46   0.00000 -1.0 2.0
   42    37    41    46   0.15000  1.0 3.0
   42    37    41    46   0.00000 -1.0 4.0
   43    37    41    39   0.00000  1.0 1.0
   43    37    41    39   0.00000 -1.0 2.0
   43    37    41    39  -0.11250  1.0 3.0
   43    37    41    39   0.00000 -1.0 4.0
   43    37    41    45   0.00000  1.0 1.0
   43    37    41    45   0.00000 -1.0 2.0
   43    37    41    45   0.15000  1.0 3.0
   43    37    41    45   0.00000 -1.0 4.0
   43    37    41    46   0.00000  1.0 1.0
   43    37    41    46   0.00000 -1.0 2.0
   43    37    41    46   0.15000  1.0 3.0
   43    37    41    46   0.00000 -1.0 4.0
   16    15     8     7   0.75700  1.0 1.0
   16    15     8     7   0.34650 -1.0 2.0
   16    15     8     7   0.33000  1.0 3.0
   16    15     8     7  -0.28100 -1.0 4.0
   16    15     8     4   0.75700  1.0 1.0
   16    15     8     4   0.34650 -1.0 2.0
   16    15     8     4   0.33000  1.0 3.0
   16    15     8     4  -0.28100 -1.0 4.0
   17    15     8     7   0.00000  1.0 1.0
   17    15     8     7   1.05000 -1.0 2.0
   17    15     8     7   0.00000  1.0 3.0
   17    15     8     7   0.00000 -1.0 4.0
   17    15     8     4   0.00000  1.0 1.0
   17    15     8     4   1.05000 -1.0 2.0
   17    15     8     4   0.00000  1.0 3.0
   17    15     8     4   0.00000 -1.0 4.0
    1     4    -8     7   0.00000  1.0 1.0
    1     4    -8     7   3.62500 -1.0 2.0
    1     4    -8     7   0.00000  1.0 3.0
    1     4    -8     7   0.00000 -1.0 4.0
    1     4     8    15   0.00000  1.0 1.0
    1     4     8    15   3.62500 -1.0 2.0
    1     4     8    15   0.00000  1.0 3.0
    1     4     8    15   0.00000 -1.0 4.0
   13     4     8     7   0.00000  1.0 1.0
   13     4     8     7   3.62500 -1.0 2.0
   13     4     8     7   0.00000  1.0 3.0
   13     4     8     7   0.00000 -1.0 4.0
   13     4     8    15   0.00000  1.0 1.0
   13     4     8    15   3.62500 -1.0 2.0
   13     4     8    15   0.00000  1.0 3.0
   13     4     8    15   0.00000 -1.0 4.0
    7    20    21    22  -0.32850  1.0 1.0
    7    20    21    22  -0.35800 -1.0 2.0
    7    20    21    22   0.33950  1.0 3.0
    7    20    21    22   0.00000 -1.0 4.0
    7    20    21    23  -0.32850  1.0 1.0
    7    20    21    23  -0.35800 -1.0 2.0
    7    20    21    23   0.33950  1.0 3.0
    7    20    21    23   0.00000 -1.0 4.0
    7    20    21    24   0.00000  1.0 1.0
    7    20    21    24   0.00000 -1.0 2.0
    7    20    21    24   0.08050  1.0 3.0
    7    20    21    24   0.00000 -1.0 4.0
   20    21    22    25   0.00000  1.0 1.0
   20    21    22    25   0.00000 -1.0 2.0
   20    21    22    25   0.23400  1.0 3.0
   20    21    22    25   0.00000 -1.0 4.0
   20    21    22    26   0.00000  1.0 1.0
   20    21    22    26   0.00000 -1.0 2.0
   20    21    22    26   0.23400  1.0 3.0
   20    21    22    26   0.00000 -1.0 4.0
   20    21    22    27   0.00000  1.0 1.0
   20    21    22    27   0.00000 -1.0 2.0
   20    21    22    27   0.23400  1.0 3.0
   20    21    22    27   0.00000 -1.0 4.0
   23    21    22    25   0.00000  1.0 1.0
   23    21    22    25   0.00000 -1.0 2.0
   23    21    22    25   0.15000  1.0 3.0
   23    21    22    25   0.00000 -1.0 4.0
   23    21    22    26   0.00000  1.0 1.0
   23    21    22    26   0.00000 -1.0 2.0
   23    21    22    26   0.15000  1.0 3.0
   23    21    22    26   0.00000 -1.0 4.0
   23    21    22    27   0.00000  1.0 1.0
   23    21    22    27   0.00000 -1.0 2.0
   23    21    22    27   0.15000  1.0 3.0
   23    21    22    27   0.00000 -1.0 4.0
   24    21    22    25   0.00000  1.0 1.0
   24    21    22    25   0.00000 -1.0 2.0
   24    21    22    25   0.15000  1.0 3.0
   24    21    22    25   0.00000 -1.0 4.0
   24    21    22    26   0.00000  1.0 1.0
   24    21    22    26   0.00000 -1.0 2.0
   24    21    22    26   0.15000  1.0 3.0
   24    21    22    26   0.00000 -1.0 4.0
   24    21    22    27   0.00000  1.0 1.0
   24    21    22    27   0.00000 -1.0 2.0
   24    21    22    27   0.15000  1.0 3.0
   24    21    22    27   0.00000 -1.0 4.0
   20    21    23    28   0.00000  1.0 1.0
   20    21    23    28   0.00000 -1.0 2.0
   20    21    23    28   0.23400  1.0 3.0
   20    21    23    28   0.00000 -1.0 4.0
   20    21    23    29   0.00000  1.0 1.0
   20    21    23    29   0.00000 -1.0 2.0
   20    21    23    29   0.23400  1.0 3.0
   20    21    23    29   0.00000 -1.0 4.0
   20    21    23    30   0.00000  1.0 1.0
   20    21    23    30   0.00000 -1.0 2.0
   20    21    23    30   0.23400  1.0 3.0
   20    21    23    30   0.00000 -1.0 4.0
   22    21    23    28   0.00000  1.0 1.0
   22    21    23    28   0.00000 -1.0 2.0
   22    21    23    28   0.15000  1.0 3.0
   22    21    23    28   0.00000 -1.0 4.0
   22    21    23    29   0.00000  1.0 1.0
   22    21    23    29   0.00000 -1.0 2.0
   22    21    23    29   0.15000  1.0 3.0
   22    21    23    29   0.00000 -1.0 4.0
   22    21    23    30   0.00000  1.0 1.0
   22    21    23    30   0.00000 -1.0 2.0
   22    21    23    30   0.15000  1.0 3.0
   22    21    23    30   0.00000 -1.0 4.0
   24    21    23    28   0.00000  1.0 1.0
   24    21    23    28   0.00000 -1.0 2.0
   24    21    23    28   0.15000  1.0 3.0
   24    21    23    28   0.00000 -1.0 4.0
   24    21    23    29   0.00000  1.0 1.0
   24    21    23    29   0.00000 -1.0 2.0
   24    21    23    29   0.15000  1.0 3.0
   24    21    23    29   0.00000 -1.0 4.0
   24    21    23    30   0.00000  1.0 1.0
   24    21    23    30   0.00000 -1.0 2.0
   24    21    23    30   0.15000  1.0 3.0
   24    21    23    30   0.00000 -1.0 4.0
    9    10    -5     2   0.00000  1.0 1.0
    9    10    -5     2   3.62500 -1.0 2.0
    9    10    -5     2   0.00000  1.0 3.0
    9    10    -5     2   0.00000 -1.0 4.0
    9    10     5    31   0.00000  1.0 1.0
    9    10     5    31   3.62500 -1.0 2.0
    9    10     5    31   0.00000  1.0 3.0
    9    10     5    31   0.00000 -1.0 4.0
    2     5    31    32   0.00000  1.0 1.0
    2     5    31    32   1.95800 -1.0 2.0
    2     5    31    32   0.00000  1.0 3.0
    2     5    31    32   0.00000 -1.0 4.0
   10     5    31    32  -1.39300  1.0 1.0
   10     5    31    32   2.27500 -1.0 2.0
   10     5    31    32   0.00000  1.0 3.0
   10     5    31    32   0.00000 -1.0 4.0
    5    31    32    33  -0.32850  1.0 1.0
    5    31    32    33  -0.35800 -1.0 2.0
    5    31    32    33   0.33950  1.0 3.0
    5    31    32    33   0.00000 -1.0 4.0
    5    31    32    34   0.00000  1.0 1.0
    5    31    32    34   0.00000 -1.0 2.0
    5    31    32    34   0.08050  1.0 3.0
    5    31    32    34   0.00000 -1.0 4.0
    5    31    32    35   0.00000  1.0 1.0
    5    31    32    35   0.00000 -1.0 2.0
    5    31    32    35   0.08050  1.0 3.0
    5    31    32    35   0.00000 -1.0 4.0
   31    32    33    36   1.12100  1.0 1.0
   31    32    33    36  -0.16500 -1.0 2.0
   31    32    33    36   0.00000  1.0 3.0
   31    32    33    36   0.00000 -1.0 4.0
   31    32    33    37   0.62750  1.0 1.0
   31    32    33    37  -0.30950 -1.0 2.0
   31    32    33    37   0.27300  1.0 3.0
   31    32    33    37   0.00000 -1.0 4.0
   31    32    33    38   0.00000  1.0 1.0
   31    32    33    38   0.00000 -1.0 2.0
   31    32    33    38   0.23400  1.0 3.0
   31    32    33    38   0.00000 -1.0 4.0
   34    32    33    36   0.00000  1.0 1.0
   34    32    33    36   0.00000 -1.0 2.0
   34    32    33    36   0.15000  1.0 3.0
   34    32    33    36   0.00000 -1.0 4.0
   34    32    33    37   0.00000  1.0 1.0
   34    32    33    37   0.00000 -1.0 2.0
   34    32    33    37   0.15000  1.0 3.0
   34    32    33    37   0.00000 -1.0 4.0
   34    32    33    38   0.00000  1.0 1.0
   34    32    33    38   0.00000 -1.0 2.0
   34    32    33    38   0.15000  1.0 3.0
   34    32    33    38   0.00000 -1.0 4.0
   35    32    33    36   0.00000  1.0 1.0
   35    32    33    36   0.00000 -1.0 2.0
   35    32    33    36   0.15000  1.0 3.0
   35    32    33    36   0.00000 -1.0 4.0
   35    32    33    37   0.00000  1.0 1.0
   35    32    33    37   0.00000 -1.0 2.0
   35    32    33    37   0.15000  1.0 3.0
   35    32    33    37   0.00000 -1.0 4.0
   35    32    33    38   0.00000  1.0 1.0
   35    32    33    38   0.00000 -1.0 2.0
   35    32    33    38   0.15000  1.0 3.0
   35    32    33    38   0.00000 -1.0 4.0
   36    39   -41    37   1.39750  1.0 1.0
   36    39   -41    37  -0.07950 -1.0 2.0
   36    39   -41    37  -0.18750  1.0 3.0
   36    39   -41    37   0.00000 -1.0 4.0
   36    39    41    45   0.00000  1.0 1.0
   36    39    41    46   0.00000  1.0 1.0
   44    39    41    37   0.00000  1.0 1.0
   44    39    41    37   0.30150 -1.0 2.0
   44    39    41    37   0.00000  1.0 3.0
   44    39    41    37   0.00000 -1.0 4.0
   44    39    41    45   0.00000  1.0 1.0
   44    39    41    46   0.00000  1.0 1.0
IPHI
    19    15    16    18   1.00000 -1.0 2.0
    20     6     7     8   4.00000 -1.0 2.0
    40    39    36    33   1.00000 -1.0 2.0
     3     4     1     2   4.00000 -1.0 2.0
     5     6     2     1   4.00000 -1.0 2.0
    10    11     9     3   1.10000 -1.0 2.0
     9    12     3     1   1.10000 -1.0 2.0
    16     8    15    17  10.50000 -1.0 2.0
     8    13     4     1   1.10000 -1.0 2.0
    15     4     8     7   4.00000 -1.0 2.0
    10    31     5     2   4.00000 -1.0 2.0
     2    14     6     7   1.10000 -1.0 2.0
    36    41    39    44  10.50000 -1.0 2.0
END